mainline_id,total_rows,true_collapse_pct,diffusion_warning_pct,low_diffusion_bg_pct,suspected_background_noise
BK0737,55,1.82,47.27,50.91,False
BK0454,57,1.75,71.93,26.32,False
851564.SI,164,1.22,89.02,9.76,False
857221.SI,257,0.78,74.32,24.9,False
857344.SI,386,0.78,60.62,38.6,False
850333.SI,279,0.72,53.76,45.52,False
851316.SI,145,0.69,80.0,19.31,False
850324.SI,179,0.56,97.21,2.23,False
857382.SI,189,0.53,73.54,25.93,False
859633.SI,189,0.53,79.37,20.11,False
850813.SI,203,0.49,67.98,31.53,False
857261.SI,415,0.48,59.52,40.0,False
859714.SI,244,0.41,99.18,0.41,False
850716.SI,564,0.35,53.72,45.92,False
850832.SI,285,0.35,73.33,26.32,False
851631.SI,295,0.34,62.03,37.63,False
851614.SI,317,0.32,81.39,18.3,False
851532.SI,330,0.3,71.21,28.48,False
850711.SI,329,0.3,62.61,37.08,False
850442.SI,368,0.27,98.91,0.82,False
859721.SI,402,0.25,65.42,34.33,False
850614.SI,418,0.24,83.25,16.51,False
851811.SI,1231,0.24,31.84,67.91,False
850922.SI,430,0.23,71.4,28.37,False
857421.SI,567,0.18,35.45,64.37,False
857451.SI,766,0.13,33.03,66.84,False
850751.SI,1094,0.09,36.01,63.89,False
BK1029,2,0.0,100.0,0.0,False
801040.SI,142,0.0,47.18,52.82,False
BK0735,44,0.0,100.0,0.0,False
BK0738,2,0.0,100.0,0.0,False
BK0739,31,0.0,83.87,16.13,False
BK0740,2,0.0,100.0,0.0,False
BK0910,94,0.0,43.62,56.38,False
BK1015,11,0.0,90.91,9.09,False
BK1016,4,0.0,100.0,0.0,False
BK1017,22,0.0,100.0,0.0,False
BK1018,22,0.0,81.82,18.18,False
BK1019,24,0.0,70.83,29.17,False
BK1020,31,0.0,90.32,9.68,False
BK1027,61,0.0,96.72,3.28,False
BK1028,66,0.0,100.0,0.0,False
BK1046,3,0.0,100.0,0.0,False
801980.SI,42,0.0,47.62,52.38,False
850111.SI,77,0.0,83.12,16.88,False
850113.SI,129,0.0,98.45,1.55,False
850122.SI,56,0.0,100.0,0.0,False
850135.SI,269,0.0,69.89,30.11,False
850136.SI,52,0.0,98.08,1.92,False
850142.SI,43,0.0,97.67,2.33,False
850151.SI,23,0.0,95.65,4.35,False
850152.SI,119,0.0,100.0,0.0,False
850154.SI,94,0.0,85.11,14.89,False
850172.SI,148,0.0,100.0,0.0,False
850173.SI,105,0.0,87.62,12.38,False
850181.SI,170,0.0,94.12,5.88,False
850232.SI,59,0.0,98.31,1.69,False
850233.SI,5,0.0,100.0,0.0,False
850322.SI,274,0.0,92.34,7.66,False
850323.SI,118,0.0,81.36,18.64,False
850325.SI,269,0.0,99.26,0.74,False
850326.SI,198,0.0,97.98,2.02,False
850331.SI,361,0.0,100.0,0.0,False
850332.SI,64,0.0,84.38,15.62,False
850335.SI,223,0.0,85.65,14.35,False
850337.SI,186,0.0,87.1,12.9,False
850338.SI,133,0.0,91.73,8.27,False
850339.SI,714,0.0,33.61,66.39,False
850341.SI,102,0.0,87.25,12.75,False
850343.SI,158,0.0,98.73,1.27,False
850351.SI,201,0.0,85.07,14.93,False
850353.SI,167,0.0,88.02,11.98,False
850354.SI,160,0.0,96.88,3.12,False
850355.SI,294,0.0,86.39,13.61,False
850362.SI,63,0.0,90.48,9.52,False
850363.SI,160,0.0,95.62,4.38,False
850372.SI,115,0.0,100.0,0.0,False
850381.SI,136,0.0,75.74,24.26,False
850382.SI,52,0.0,90.38,9.62,False
850521.SI,301,0.0,94.68,5.32,False
850522.SI,184,0.0,85.87,14.13,False
850523.SI,64,0.0,100.0,0.0,False
850531.SI,89,0.0,61.8,38.2,False
850544.SI,217,0.0,64.52,35.48,False
850551.SI,700,0.0,65.43,34.57,False
850552.SI,375,0.0,98.13,1.87,False
850553.SI,338,0.0,81.07,18.93,False
850615.SI,143,0.0,96.5,3.5,False
850616.SI,68,0.0,86.76,13.24,False
850623.SI,126,0.0,100.0,0.0,False
850702.SI,175,0.0,89.71,10.29,False
850703.SI,944,0.0,38.14,61.86,False
850713.SI,210,0.0,84.76,15.24,False
850715.SI,400,0.0,90.25,9.75,False
850721.SI,112,0.0,86.61,13.39,False
850725.SI,579,0.0,38.34,61.66,False
850726.SI,87,0.0,100.0,0.0,False
850727.SI,999,0.0,28.73,71.27,False
850728.SI,185,0.0,96.76,3.24,False
850731.SI,560,0.0,52.68,47.32,False
850741.SI,393,0.0,97.96,2.04,False
850771.SI,410,0.0,73.9,26.1,False
850772.SI,81,0.0,100.0,0.0,False
850781.SI,176,0.0,74.43,25.57,False
850782.SI,241,0.0,87.55,12.45,False
850783.SI,323,0.0,96.9,3.1,False
850784.SI,180,0.0,90.0,10.0,False
850812.SI,142,0.0,88.03,11.97,False
850814.SI,575,0.0,40.17,59.83,False
850815.SI,280,0.0,60.71,39.29,False
850817.SI,167,0.0,94.61,5.39,False
850818.SI,166,0.0,83.13,16.87,False
850822.SI,781,0.0,70.55,29.45,False
850823.SI,162,0.0,77.78,22.22,False
850831.SI,676,0.0,49.85,50.15,False
850833.SI,245,0.0,78.78,21.22,False
850841.SI,611,0.0,76.27,23.73,False
850853.SI,86,0.0,89.53,10.47,False
850854.SI,1037,0.0,33.94,66.06,False
850861.SI,272,0.0,48.9,51.1,False
850912.SI,155,0.0,100.0,0.0,False
850913.SI,49,0.0,97.96,2.04,False
850923.SI,1730,0.0,22.14,77.86,False
850924.SI,213,0.0,74.65,25.35,False
850925.SI,805,0.0,40.12,59.88,False
850926.SI,427,0.0,58.08,41.92,False
850935.SI,41,0.0,92.68,7.32,False
850936.SI,158,0.0,58.86,41.14,False
850952.SI,39,0.0,100.0,0.0,False
851024.SI,697,0.0,86.66,13.34,False
851025.SI,129,0.0,100.0,0.0,False
851026.SI,295,0.0,76.61,23.39,False
851027.SI,189,0.0,97.88,2.12,False
851041.SI,977,0.0,28.15,71.85,False
851042.SI,233,0.0,65.67,34.33,False
851112.SI,223,0.0,100.0,0.0,False
851116.SI,238,0.0,100.0,0.0,False
851122.SI,323,0.0,99.07,0.93,False
851131.SI,40,0.0,65.0,35.0,False
851141.SI,162,0.0,99.38,0.62,False
851161.SI,443,0.0,90.29,9.71,False
851232.SI,195,0.0,100.0,0.0,False
851233.SI,64,0.0,92.19,7.81,False
851241.SI,264,0.0,95.08,4.92,False
851242.SI,75,0.0,88.0,12.0,False
851243.SI,100,0.0,95.0,5.0,False
851246.SI,42,0.0,83.33,16.67,False
851247.SI,97,0.0,92.78,7.22,False
851251.SI,534,0.0,99.81,0.19,False
851271.SI,100,0.0,99.0,1.0,False
851281.SI,164,0.0,80.49,19.51,False
851282.SI,28,0.0,67.86,32.14,False
851312.SI,212,0.0,94.34,5.66,False
851314.SI,37,0.0,100.0,0.0,False
851315.SI,102,0.0,100.0,0.0,False
851325.SI,209,0.0,98.56,1.44,False
851326.SI,59,0.0,89.83,10.17,False
851329.SI,292,0.0,53.77,46.23,False
851331.SI,92,0.0,75.0,25.0,False
851412.SI,125,0.0,79.2,20.8,False
851413.SI,188,0.0,93.09,6.91,False
851422.SI,94,0.0,98.94,1.06,False
851423.SI,113,0.0,94.69,5.31,False
851424.SI,100,0.0,100.0,0.0,False
851425.SI,207,0.0,63.77,36.23,False
851436.SI,243,0.0,86.01,13.99,False
851437.SI,59,0.0,69.49,30.51,False
851438.SI,81,0.0,85.19,14.81,False
851439.SI,191,0.0,94.24,5.76,False
851452.SI,180,0.0,69.44,30.56,False
851491.SI,274,0.0,62.77,37.23,False
851511.SI,586,0.0,43.52,56.48,False
851512.SI,1011,0.0,26.01,73.99,False
851521.SI,1024,0.0,28.91,71.09,False
851522.SI,168,0.0,98.81,1.19,False
851523.SI,66,0.0,72.73,27.27,False
851524.SI,600,0.0,60.0,40.0,False
851533.SI,376,0.0,43.35,56.65,False
851534.SI,440,0.0,40.0,60.0,False
851542.SI,143,0.0,54.55,45.45,False
851543.SI,36,0.0,91.67,8.33,False
851563.SI,243,0.0,90.53,9.47,False
851151.SI,226,0.0,92.92,7.08,False
851610.SI,80,0.0,63.75,36.25,False
851611.SI,355,0.0,71.55,28.45,False
851612.SI,140,0.0,99.29,0.71,False
801080.SI,1272,0.0,14.47,57.55,False
851616.SI,114,0.0,90.35,9.65,False
851617.SI,113,0.0,91.15,8.85,False
801110.SI,255,0.0,22.75,77.25,False
851711.SI,212,0.0,75.47,24.53,False
851721.SI,113,0.0,100.0,0.0,False
851731.SI,237,0.0,53.59,46.41,False
851741.SI,70,0.0,72.86,27.14,False
851761.SI,175,0.0,90.86,9.14,False
851771.SI,77,0.0,100.0,0.0,False
851782.SI,151,0.0,96.03,3.97,False
851783.SI,76,0.0,97.37,2.63,False
851784.SI,77,0.0,100.0,0.0,False
851785.SI,237,0.0,83.97,16.03,False
851786.SI,43,0.0,100.0,0.0,False
851787.SI,59,0.0,100.0,0.0,False
801120.SI,396,0.0,14.9,85.1,False
851812.SI,187,0.0,95.72,4.28,False
851813.SI,107,0.0,100.0,0.0,False
851831.SI,157,0.0,100.0,0.0,False
851922.SI,228,0.0,94.3,5.7,False
851927.SI,138,0.0,97.83,2.17,False
851931.SI,561,0.0,49.91,50.09,False
851941.SI,37,0.0,100.0,0.0,False
852021.SI,185,0.0,87.57,12.43,False
852031.SI,566,0.0,84.81,15.19,False
852032.SI,105,0.0,100.0,0.0,False
852033.SI,85,0.0,54.12,45.88,False
852034.SI,298,0.0,96.31,3.69,False
852041.SI,64,0.0,100.0,0.0,False
852062.SI,101,0.0,97.03,2.97,False
852063.SI,134,0.0,88.06,11.94,False
852111.SI,16,0.0,100.0,0.0,False
852112.SI,195,0.0,83.08,16.92,False
852121.SI,47,0.0,93.62,6.38,False
852131.SI,156,0.0,97.44,2.56,False
852182.SI,151,0.0,75.5,24.5,False
852183.SI,71,0.0,100.0,0.0,False
852213.SI,276,0.0,81.52,18.48,False
852214.SI,274,0.0,94.89,5.11,False
852226.SI,1468,0.0,24.18,75.82,False
852311.SI,495,0.0,91.72,8.28,False
857111.SI,110,0.0,84.55,15.45,False
857112.SI,121,0.0,92.56,7.44,False
857121.SI,133,0.0,91.73,8.27,False
857122.SI,200,0.0,99.0,1.0,False
801130.SI,232,0.0,20.26,79.74,False
857236.SI,68,0.0,86.76,13.24,False
857241.SI,29,0.0,55.17,44.83,False
857242.SI,59,0.0,100.0,0.0,False
857243.SI,98,0.0,95.92,4.08,False
857244.SI,268,0.0,75.0,25.0,False
857251.SI,280,0.0,82.14,17.86,False
801140.SI,405,0.0,13.83,86.17,False
857321.SI,355,0.0,66.76,33.24,False
857323.SI,225,0.0,93.33,6.67,False
857334.SI,54,0.0,100.0,0.0,False
857336.SI,237,0.0,81.01,18.99,False
801150.SI,1090,0.0,8.53,62.29,False
857352.SI,164,0.0,82.32,17.68,False
857354.SI,130,0.0,81.54,18.46,False
857355.SI,105,0.0,88.57,11.43,False
857362.SI,202,0.0,63.37,36.63,False
857371.SI,323,0.0,98.14,1.86,False
857372.SI,366,0.0,36.89,63.11,False
857373.SI,140,0.0,92.14,7.86,False
857375.SI,38,0.0,100.0,0.0,False
857381.SI,486,0.0,78.4,21.6,False
801160.SI,161,0.0,17.39,82.61,False
857411.SI,93,0.0,97.85,2.15,False
801170.SI,309,0.0,16.18,83.82,False
857431.SI,332,0.0,90.36,9.64,False
801180.SI,253,0.0,24.51,75.49,False
857641.SI,380,0.0,70.79,29.21,False
857651.SI,368,0.0,79.89,20.11,False
857661.SI,158,0.0,89.24,10.76,False
857674.SI,35,0.0,91.43,8.57,False
857691.SI,43,0.0,60.47,39.53,False
857692.SI,152,0.0,96.71,3.29,False
857821.SI,156,0.0,96.15,3.85,False
857831.SI,139,0.0,86.33,13.67,False
857841.SI,217,0.0,66.36,33.64,False
857851.SI,127,0.0,71.65,28.35,False
858811.SI,142,0.0,94.37,5.63,False
858812.SI,138,0.0,94.2,5.8,False
859511.SI,143,0.0,91.61,8.39,False
859512.SI,283,0.0,87.99,12.01,False
859521.SI,188,0.0,95.74,4.26,False
859621.SI,42,0.0,92.86,7.14,False
859622.SI,76,0.0,97.37,2.63,False
859631.SI,86,0.0,100.0,0.0,False
859632.SI,144,0.0,97.22,2.78,False
801200.SI,197,0.0,20.81,79.19,False
859711.SI,134,0.0,99.25,0.75,False
859712.SI,611,0.0,37.48,62.52,False
859713.SI,312,0.0,52.56,47.44,False
BK0733,23,0.0,100.0,0.0,False
801970.SI,395,0.0,9.11,90.89,False
859811.SI,75,0.0,93.33,6.67,False
859821.SI,90,0.0,96.67,3.33,False
859822.SI,32,0.0,87.5,12.5,False
859852.SI,198,0.0,100.0,0.0,False
859951.SI,200,0.0,78.5,21.5,False
BK0420,5,0.0,80.0,20.0,False
BK0421,1,0.0,100.0,0.0,False
BK0422,64,0.0,100.0,0.0,False
BK0424,1,0.0,100.0,0.0,False
BK0425,30,0.0,100.0,0.0,False
BK0427,1,0.0,100.0,0.0,False
BK0428,3,0.0,100.0,0.0,False
BK0429,13,0.0,100.0,0.0,False
BK0433,68,0.0,98.53,1.47,False
BK0436,70,0.0,98.57,1.43,False
BK0438,29,0.0,65.52,34.48,False
BK0440,26,0.0,100.0,0.0,False
BK0447,22,0.0,100.0,0.0,False
BK0448,51,0.0,100.0,0.0,False
BK0450,58,0.0,100.0,0.0,False
BK0451,14,0.0,100.0,0.0,False
BK1030,27,0.0,100.0,0.0,False
BK0456,24,0.0,100.0,0.0,False
BK0457,3,0.0,100.0,0.0,False
BK0458,15,0.0,73.33,26.67,False
BK0459,56,0.0,58.93,41.07,False
BK0465,35,0.0,62.86,37.14,False
BK0470,31,0.0,87.1,12.9,False
BK0471,67,0.0,98.51,1.49,False
BK0476,7,0.0,71.43,28.57,False
BK0477,13,0.0,100.0,0.0,False
BK0478,59,0.0,100.0,0.0,False
BK0479,37,0.0,75.68,24.32,False
BK0480,40,0.0,100.0,0.0,False
BK0481,61,0.0,57.38,42.62,False
BK0482,14,0.0,100.0,0.0,False
BK0484,62,0.0,100.0,0.0,False
BK0485,8,0.0,100.0,0.0,False
BK0486,63,0.0,100.0,0.0,False
BK0538,23,0.0,65.22,34.78,False
BK0539,2,0.0,100.0,0.0,False
BK0545,68,0.0,51.47,48.53,False
BK0546,30,0.0,100.0,0.0,False
BK0725,3,0.0,100.0,0.0,False
BK0726,2,0.0,100.0,0.0,False
BK0727,12,0.0,100.0,0.0,False
BK0728,27,0.0,100.0,0.0,False
BK0730,12,0.0,100.0,0.0,False
BK0731,6,0.0,100.0,0.0,False
BK0732,12,0.0,100.0,0.0,False
801210.SI,170,0.0,19.41,80.59,False
BK1031,3,0.0,100.0,0.0,False
BK1032,13,0.0,100.0,0.0,False
BK1033,26,0.0,100.0,0.0,False
BK1034,4,0.0,100.0,0.0,False
BK1035,2,0.0,100.0,0.0,False
BK1036,57,0.0,100.0,0.0,False
BK1037,7,0.0,100.0,0.0,False
BK1038,70,0.0,100.0,0.0,False
BK1039,2,0.0,100.0,0.0,False
BK1040,17,0.0,100.0,0.0,False
BK1041,34,0.0,76.47,23.53,False
BK1043,34,0.0,100.0,0.0,False
BK1044,30,0.0,100.0,0.0,False
BK1045,6,0.0,100.0,0.0,False
801030.SI,1225,0.0,4.65,71.27,False
801010.SI,263,0.0,16.35,83.65,False
801230.SI,75,0.0,100.0,0.0,False
801710.SI,284,0.0,24.3,75.7,False
801720.SI,547,0.0,11.88,88.12,False
801730.SI,947,0.0,9.61,81.52,False
801740.SI,323,0.0,26.93,73.07,False
801750.SI,901,0.0,21.53,78.47,False
801760.SI,299,0.0,21.07,78.93,False
801770.SI,608,0.0,20.72,79.28,False
801780.SI,71,0.0,22.54,77.46,False
801790.SI,130,0.0,27.69,72.31,False
801880.SI,691,0.0,9.99,90.01,False
801890.SI,1496,0.0,34.22,28.21,False
801950.SI,120,0.0,22.5,77.5,False
801960.SI,90,0.0,32.22,67.78,False
801050.SI,352,0.0,8.24,91.76,False
